<?xml version="1.0"?>
<opencv_storage>
<calibration_Time>"Sat 16 Feb 2019 05:27:00 PM CST"</calibration_Time>
<nrOfFrames>25</nrOfFrames>
<image_Width>640</image_Width>
<image_Height>480</image_Height>
<board_Width>9</board_Width>
<board_Height>6</board_Height>
<square_Size>1.</square_Size>
<FixAspectRatio>1.</FixAspectRatio>
<!-- flags:  +fix_aspectRatio +fix_principal_point +zero_tangent_dist -->
<flagValue>14</flagValue>
<Camera_Matrix type_id="opencv-matrix">
  <rows>3</rows>
  <cols>3</cols>
  <dt>d</dt>
  <data>
    5.8847124484943947e+02 0. 320. 0. 5.8847124484943947e+02 240. 0. 0.
    1.</data></Camera_Matrix>
<Distortion_Coefficients type_id="opencv-matrix">
  <rows>5</rows>
  <cols>1</cols>
  <dt>d</dt>
  <data>
    -5.3001149697886918e-01 3.9054100278943338e-01 0. 0.
    -1.4107935384587506e-01</data></Distortion_Coefficients>
<Avg_Reprojection_Error>8.1149555142840035e-01</Avg_Reprojection_Error>
<Per_View_Reprojection_Errors type_id="opencv-matrix">
  <rows>25</rows>
  <cols>1</cols>
  <dt>f</dt>
  <data>
    8.12487781e-01 8.35615277e-01 8.23734224e-01 8.11281323e-01
    7.88909554e-01 8.11441064e-01 8.01852942e-01 8.12221467e-01
    8.39569092e-01 8.39094341e-01 7.87773907e-01 8.08243871e-01
    7.99319386e-01 8.05842400e-01 7.93199420e-01 8.56899500e-01
    8.49258661e-01 7.86012173e-01 8.09167206e-01 8.16676080e-01
    8.00515532e-01 8.26491892e-01 8.02393675e-01 7.83214331e-01
    7.79779553e-01</data></Per_View_Reprojection_Errors>
<!-- a set of 6-tuples (rotation vector + translation vector) for each view -->
<Extrinsic_Parameters type_id="opencv-matrix">
  <rows>25</rows>
  <cols>6</cols>
  <dt>d</dt>
  <data>
    -8.0593704773874425e-02 6.5783409200581289e-02
    3.1345222276407045e+00 2.1954243993049610e+02 1.0569755493105936e+02
    3.7809161318956239e+02 -8.1945622978451746e-02
    6.6640858249332052e-02 3.1340944379336553e+00 2.1933868898096472e+02
    1.0624416125898031e+02 3.7839733607319653e+02
    -8.0886077419434377e-02 6.9127089272836353e-02
    3.1340849852759245e+00 2.1868552507092448e+02 1.0673694163502799e+02
    3.7894758312452706e+02 -8.0812563039123403e-02
    6.9401067736756944e-02 3.1343201714875182e+00 2.1865091830162527e+02
    1.0701289798063638e+02 3.7874628736049328e+02
    -8.1018122679581056e-02 6.8329260448102530e-02
    3.1353937255699971e+00 2.1891801197689077e+02 1.0730266965919590e+02
    3.7812192379782948e+02 -8.1021616417690845e-02
    6.9839525324553828e-02 3.1347494770414763e+00 2.1910115342765351e+02
    1.0826274401514587e+02 3.7821753014300322e+02
    -8.2331287790692195e-02 6.5315529258717309e-02
    3.1359653069779085e+00 2.1897534399428889e+02 1.0743569590601828e+02
    3.7825601665901155e+02 -8.0951072877387120e-02
    6.9488441720493788e-02 3.1342666603283522e+00 2.1894843866954048e+02
    1.0667847268200573e+02 3.7877529830141953e+02
    -8.1505809479067742e-02 6.9295212416044277e-02
    3.1342228473363543e+00 2.1932533201961124e+02 1.0676172217014633e+02
    3.7869244025830528e+02 -7.9381560670000961e-02
    6.6427263315672350e-02 3.1334212243139485e+00 2.1937811305799070e+02
    1.0634704228857791e+02 3.7794711625636370e+02
    -7.9163077618661148e-02 6.6514277967733224e-02
    3.1330266142403724e+00 2.1911291810094895e+02 1.0579429636209466e+02
    3.7801559162309405e+02 -7.9729927621244742e-02
    6.6201460993575281e-02 3.1332739584983105e+00 2.1953288090372340e+02
    1.0550174107400109e+02 3.7805659310976245e+02
    -7.6942665082367190e-02 6.4747892206293386e-02
    3.1341242596055818e+00 2.1985952415975859e+02 1.0572617977020693e+02
    3.7678913450177839e+02 -7.5558391616514675e-02
    6.1729623123192037e-02 3.1333090908576615e+00 2.1971738517847885e+02
    1.0433069309334037e+02 3.7586297426630358e+02
    -7.5327814537590909e-02 6.4051047392874885e-02
    3.1333732084993242e+00 2.2021031931974881e+02 1.0432008561418567e+02
    3.7584322841426217e+02 -7.4039541391774474e-02
    5.9784434021576731e-02 3.1347437926963591e+00 2.2087885389676802e+02
    1.0532034277146886e+02 3.7555427843818154e+02
    -7.3808886766808579e-02 5.8898640441730744e-02
    3.1348397571122453e+00 2.2118184467890111e+02 1.0543489023483457e+02
    3.7550005894704111e+02 -7.2549700616432136e-02
    5.5801075300212312e-02 3.1361620763885818e+00 2.2180938498538336e+02
    1.0564108838404877e+02 3.7445996019528309e+02
    -7.3590573313361302e-02 5.6949814849103310e-02
    3.1355388955454031e+00 2.2176933579935414e+02 1.0562360935732869e+02
    3.7516182429978920e+02 -7.8028179490308019e-02
    5.9856129018114546e-02 3.1372256026751133e+00 2.1971371592046992e+02
    1.0564032940382886e+02 3.7709240141728566e+02
    -7.9142605954801742e-02 5.7063355396034500e-02
    3.1385759558917554e+00 2.1956715291280190e+02 1.0621437155737357e+02
    3.7726913456774173e+02 -7.9396420556243144e-02
    5.8949345591899412e-02 3.1381632850486794e+00 2.1955283957729173e+02
    1.0559804913762045e+02 3.7756502268876108e+02
    -7.8910205398482230e-02 5.3812130193386445e-02
    3.1387585028829421e+00 2.2006191309620272e+02 1.0475834840685795e+02
    3.7734332621105659e+02 -8.0178238557618978e-02
    5.1542228153638417e-02 3.1399935497718650e+00 2.1993628348847889e+02
    1.0504154751761099e+02 3.7710700834434937e+02
    -7.9895150040941082e-02 5.0286968120098849e-02
    3.1398417262031399e+00 2.2010723484302858e+02 1.0477871300642595e+02
    3.7719860637202356e+02</data></Extrinsic_Parameters>
